position:      17.7905 23.0586 28.4249
orientation:   -0.360196 -0.0396215 -0.607104 0.707187
field_of_view: 0.785398
