position:      17.5104 21.7743 27.1728
orientation:   -0.320636 -0.0536667 -0.610396 0.722308
field_of_view: 0.672235
