position:      25.5104 20.0866 20.7183
orientation:   -0.161919 -0.446113 -0.739311 -0.477687
field_of_view: 0.785398
